1 2 0 557 324 0 581 306 0 621 237 0 631 240 0 662 217 @
1 3 0 557 324 0 570 349 0 643 382 0 682 388 0 723 302 0 764 315 0 767 299 0 784 301 @
1 4 0 557 324 0 556 363 0 555 427 0 513 414 0 509 423 @
1 5 0 557 324 0 556 363 0 555 427 0 513 414 0 509 423 0 489 458 0 455 524 0 468 535 @
1 6 0 557 324 0 556 363 0 555 427 0 513 414 0 509 423 0 489 458 0 455 524 0 438 556 0 463 567 @
1 7 0 557 324 0 556 363 0 555 427 0 548 571 0 588 589 0 614 564 0 709 615 0 710 640 @
1 8 0 557 324 0 556 363 0 555 427 0 548 571 0 588 589 @
1 9 0 557 324 0 556 363 0 555 427 0 513 414 0 509 423 0 489 458 0 466 469 0 451 474 0 434 482 0 409 526 0 401 540 0 356 637 0 395 651 0 387 664 0 324 669 @
1 10 0 557 324 0 556 363 0 555 427 0 513 414 0 509 423 0 489 458 0 466 469 0 462 458 @
1 11 0 557 324 0 556 363 0 555 427 0 513 414 0 509 423 0 489 458 0 466 469 0 451 474 @
1 12 0 557 324 0 533 335 0 439 314 0 439 323 0 408 320 @
1 13 0 557 324 0 533 335 0 439 314 0 439 302 @
1 14 0 557 324 0 533 335 0 439 314 0 439 323 0 408 320 0 395 316 0 309 256 0 292 272 @
1 15 0 557 324 0 556 363 0 555 427 0 513 414 0 509 423 0 489 458 0 466 469 0 451 474 0 434 482 0 409 526 @
1 17 0 557 324 0 556 363 0 555 427 0 548 571 0 588 589 0 614 564 0 594 574 @
1 16 0 557 324 0 556 363 0 555 427 0 513 414 0 509 423 0 489 458 0 466 469 0 451 474 0 434 482 0 409 526 0 401 540 0 382 528 @
1 19 0 557 324 0 539 294 0 543 254 0 554 208 0 567 128 0 580 10 @
1 18 0 557 324 0 556 363 0 555 427 0 513 414 0 509 423 0 489 458 0 466 469 0 451 474 0 434 482 0 409 526 0 401 540 0 356 637 0 335 630 0 300 606 @
2 1 0 662 217 0 631 240 0 621 237 0 581 306 0 557 324 @
2 3 0 662 217 0 631 240 0 621 237 0 581 306 0 557 324 0 570 349 0 643 382 0 682 388 0 723 302 0 764 315 0 767 299 0 784 301 @
2 4 0 662 217 0 631 240 0 621 237 0 581 306 0 557 324 0 556 363 0 555 427 0 513 414 0 509 423 @
2 5 0 662 217 0 631 240 0 621 237 0 581 306 0 557 324 0 556 363 0 555 427 0 513 414 0 509 423 0 489 458 0 455 524 0 468 535 @
2 6 0 662 217 0 631 240 0 621 237 0 581 306 0 557 324 0 556 363 0 555 427 0 513 414 0 509 423 0 489 458 0 455 524 0 438 556 0 463 567 @
2 7 0 662 217 0 631 240 0 621 237 0 581 306 0 557 324 0 556 363 0 555 427 0 548 571 0 588 589 0 614 564 0 709 615 0 710 640 @
2 8 0 662 217 0 631 240 0 621 237 0 581 306 0 557 324 0 556 363 0 555 427 0 548 571 0 588 589 @
2 9 0 662 217 0 631 240 0 621 237 0 581 306 0 557 324 0 556 363 0 555 427 0 513 414 0 509 423 0 489 458 0 466 469 0 451 474 0 434 482 0 409 526 0 401 540 0 356 637 0 395 651 0 387 664 0 324 669 @
2 10 0 662 217 0 631 240 0 621 237 0 581 306 0 557 324 0 556 363 0 555 427 0 513 414 0 509 423 0 489 458 0 466 469 0 462 458 @
2 11 0 662 217 0 631 240 0 621 237 0 581 306 0 557 324 0 556 363 0 555 427 0 513 414 0 509 423 0 489 458 0 466 469 0 451 474 @
2 12 0 662 217 0 631 240 0 621 237 0 581 306 0 557 324 0 533 335 0 439 314 0 439 323 0 408 320 @
2 13 0 662 217 0 631 240 0 621 237 0 581 306 0 557 324 0 533 335 0 439 314 0 439 302 @
2 14 0 662 217 0 631 240 0 621 237 0 581 306 0 557 324 0 533 335 0 439 314 0 439 323 0 408 320 0 395 316 0 309 256 0 292 272 @
2 15 0 662 217 0 631 240 0 621 237 0 581 306 0 557 324 0 556 363 0 555 427 0 513 414 0 509 423 0 489 458 0 466 469 0 451 474 0 434 482 0 409 526 @
2 17 0 662 217 0 631 240 0 621 237 0 581 306 0 557 324 0 556 363 0 555 427 0 548 571 0 588 589 0 614 564 0 594 574 @
2 16 0 662 217 0 631 240 0 621 237 0 581 306 0 557 324 0 556 363 0 555 427 0 513 414 0 509 423 0 489 458 0 466 469 0 451 474 0 434 482 0 409 526 0 401 540 0 382 528 @
2 19 0 662 217 0 686 203 0 662 181 0 666 173 0 623 143 0 567 128 0 580 10 @
2 18 0 662 217 0 631 240 0 621 237 0 581 306 0 557 324 0 556 363 0 555 427 0 513 414 0 509 423 0 489 458 0 466 469 0 451 474 0 434 482 0 409 526 0 401 540 0 356 637 0 335 630 0 300 606 @
3 1 0 784 301 0 767 299 0 764 315 0 723 302 0 682 388 0 643 382 0 570 349 0 557 324 @
3 2 0 784 301 0 767 299 0 764 315 0 723 302 0 682 388 0 643 382 0 570 349 0 557 324 0 581 306 0 621 237 0 631 240 0 662 217 @
3 4 0 784 301 0 767 299 0 764 315 0 723 302 0 682 388 0 643 382 0 570 349 0 557 324 0 556 363 0 555 427 0 513 414 0 509 423 @
3 5 0 784 301 0 767 299 0 764 315 0 723 302 0 682 388 0 643 382 0 570 349 0 557 324 0 556 363 0 555 427 0 513 414 0 509 423 0 489 458 0 455 524 0 468 535 @
3 6 0 784 301 0 767 299 0 764 315 0 723 302 0 682 388 0 643 382 0 570 349 0 557 324 0 556 363 0 555 427 0 513 414 0 509 423 0 489 458 0 455 524 0 438 556 0 463 567 @
3 7 0 784 301 0 767 299 0 764 315 0 723 302 0 682 388 0 614 564 0 709 615 0 710 640 @
3 8 0 784 301 0 767 299 0 764 315 0 723 302 0 682 388 0 614 564 0 588 589 @
3 9 0 784 301 0 767 299 0 764 315 0 723 302 0 682 388 0 614 564 0 588 589 0 548 571 0 547 620 0 524 694 0 405 683 0 324 669 @
3 10 0 784 301 0 767 299 0 764 315 0 723 302 0 682 388 0 643 382 0 570 349 0 557 324 0 556 363 0 555 427 0 513 414 0 509 423 0 489 458 0 466 469 0 462 458 @
3 11 0 784 301 0 767 299 0 764 315 0 723 302 0 682 388 0 643 382 0 570 349 0 557 324 0 556 363 0 555 427 0 513 414 0 509 423 0 489 458 0 466 469 0 451 474 @
3 12 0 784 301 0 767 299 0 764 315 0 723 302 0 682 388 0 643 382 0 570 349 0 557 324 0 533 335 0 439 314 0 439 323 0 408 320 @
3 13 0 784 301 0 767 299 0 764 315 0 723 302 0 682 388 0 643 382 0 570 349 0 557 324 0 533 335 0 439 314 0 439 302 @
3 14 0 784 301 0 767 299 0 764 315 0 723 302 0 682 388 0 643 382 0 570 349 0 557 324 0 533 335 0 439 314 0 439 323 0 408 320 0 395 316 0 309 256 0 292 272 @
3 15 0 784 301 0 767 299 0 764 315 0 723 302 0 682 388 0 643 382 0 570 349 0 557 324 0 556 363 0 555 427 0 513 414 0 509 423 0 489 458 0 466 469 0 451 474 0 434 482 0 409 526 @
3 17 0 784 301 0 767 299 0 764 315 0 723 302 0 682 388 0 614 564 0 594 574 @
3 16 0 784 301 0 767 299 0 764 315 0 723 302 0 682 388 0 643 382 0 570 349 0 557 324 0 556 363 0 555 427 0 513 414 0 509 423 0 489 458 0 466 469 0 451 474 0 434 482 0 409 526 0 401 540 0 382 528 @
3 19 0 784 301 0 767 299 0 764 315 0 723 302 0 682 388 0 643 382 0 570 349 0 557 324 0 539 294 0 543 254 0 554 208 0 567 128 0 580 10 @
3 18 0 784 301 0 767 299 0 764 315 0 723 302 0 682 388 0 643 382 0 570 349 0 557 324 0 556 363 0 555 427 0 513 414 0 509 423 0 489 458 0 466 469 0 451 474 0 434 482 0 409 526 0 401 540 0 356 637 0 335 630 0 300 606 @
4 1 0 509 423 0 513 414 0 555 427 0 556 363 0 557 324 @
4 2 0 509 423 0 513 414 0 555 427 0 556 363 0 557 324 0 581 306 0 621 237 0 631 240 0 662 217 @
4 3 0 509 423 0 513 414 0 555 427 0 556 363 0 557 324 0 570 349 0 643 382 0 682 388 0 723 302 0 764 315 0 767 299 0 784 301 @
4 5 0 509 423 0 489 458 0 455 524 0 468 535 @
4 6 0 509 423 0 489 458 0 455 524 0 438 556 0 463 567 @
4 7 0 509 423 0 513 414 0 555 427 0 548 571 0 588 589 0 614 564 0 709 615 0 710 640 @
4 8 0 509 423 0 513 414 0 555 427 0 548 571 0 588 589 @
4 9 0 509 423 0 489 458 0 466 469 0 451 474 0 434 482 0 409 526 0 401 540 0 356 637 0 395 651 0 387 664 0 324 669 @
4 10 0 509 423 0 489 458 0 466 469 0 462 458 @
4 11 0 509 423 0 489 458 0 466 469 0 451 474 @
4 12 0 509 423 0 513 414 0 555 427 0 556 363 0 557 324 0 533 335 0 439 314 0 439 323 0 408 320 @
4 13 0 509 423 0 513 414 0 555 427 0 556 363 0 557 324 0 533 335 0 439 314 0 439 302 @
4 14 0 509 423 0 513 414 0 555 427 0 556 363 0 557 324 0 533 335 0 439 314 0 439 323 0 408 320 0 395 316 0 309 256 0 292 272 @
4 15 0 509 423 0 489 458 0 466 469 0 451 474 0 434 482 0 409 526 @
4 17 0 509 423 0 513 414 0 555 427 0 548 571 0 588 589 0 614 564 0 594 574 @
4 16 0 509 423 0 489 458 0 466 469 0 451 474 0 434 482 0 409 526 0 401 540 0 382 528 @
4 19 0 509 423 0 513 414 0 555 427 0 556 363 0 557 324 0 539 294 0 543 254 0 554 208 0 567 128 0 580 10 @
4 18 0 509 423 0 489 458 0 466 469 0 451 474 0 434 482 0 409 526 0 401 540 0 356 637 0 335 630 0 300 606 @
5 1 0 468 535 0 455 524 0 489 458 0 509 423 0 513 414 0 555 427 0 556 363 0 557 324 @
5 2 0 468 535 0 455 524 0 489 458 0 509 423 0 513 414 0 555 427 0 556 363 0 557 324 0 581 306 0 621 237 0 631 240 0 662 217 @
5 3 0 468 535 0 455 524 0 489 458 0 509 423 0 513 414 0 555 427 0 556 363 0 557 324 0 570 349 0 643 382 0 682 388 0 723 302 0 764 315 0 767 299 0 784 301 @
5 4 0 468 535 0 455 524 0 489 458 0 509 423 @
5 6 0 468 535 0 455 524 0 438 556 0 463 567 @
5 7 0 468 535 0 455 524 0 489 458 0 509 423 0 513 414 0 555 427 0 548 571 0 588 589 0 614 564 0 709 615 0 710 640 @
5 8 0 468 535 0 455 524 0 489 458 0 509 423 0 513 414 0 555 427 0 548 571 0 588 589 @
5 9 0 468 535 0 455 524 0 489 458 0 466 469 0 451 474 0 434 482 0 409 526 0 401 540 0 356 637 0 395 651 0 387 664 0 324 669 @
5 10 0 468 535 0 455 524 0 489 458 0 466 469 0 462 458 @
5 11 0 468 535 0 455 524 0 489 458 0 466 469 0 451 474 @
5 12 0 468 535 0 455 524 0 489 458 0 509 423 0 513 414 0 555 427 0 556 363 0 557 324 0 533 335 0 439 314 0 439 323 0 408 320 @
5 13 0 468 535 0 455 524 0 489 458 0 509 423 0 513 414 0 555 427 0 556 363 0 557 324 0 533 335 0 439 314 0 439 302 @
5 14 0 468 535 0 455 524 0 489 458 0 509 423 0 513 414 0 555 427 0 556 363 0 557 324 0 533 335 0 439 314 0 439 323 0 408 320 0 395 316 0 309 256 0 292 272 @
5 15 0 468 535 0 455 524 0 489 458 0 466 469 0 451 474 0 434 482 0 409 526 @
5 17 0 468 535 0 455 524 0 489 458 0 509 423 0 513 414 0 555 427 0 548 571 0 588 589 0 614 564 0 594 574 @
5 16 0 468 535 0 455 524 0 489 458 0 466 469 0 451 474 0 434 482 0 409 526 0 401 540 0 382 528 @
5 19 0 468 535 0 455 524 0 489 458 0 509 423 0 513 414 0 555 427 0 556 363 0 557 324 0 539 294 0 543 254 0 554 208 0 567 128 0 580 10 @
5 18 0 468 535 0 455 524 0 489 458 0 466 469 0 451 474 0 434 482 0 409 526 0 401 540 0 356 637 0 335 630 0 300 606 @
6 1 0 463 567 0 438 556 0 455 524 0 489 458 0 509 423 0 513 414 0 555 427 0 556 363 0 557 324 @
6 2 0 463 567 0 438 556 0 455 524 0 489 458 0 509 423 0 513 414 0 555 427 0 556 363 0 557 324 0 581 306 0 621 237 0 631 240 0 662 217 @
6 3 0 463 567 0 438 556 0 455 524 0 489 458 0 509 423 0 513 414 0 555 427 0 556 363 0 557 324 0 570 349 0 643 382 0 682 388 0 723 302 0 764 315 0 767 299 0 784 301 @
6 4 0 463 567 0 438 556 0 455 524 0 489 458 0 509 423 @
6 5 0 463 567 0 438 556 0 455 524 0 468 535 @
6 7 0 463 567 0 438 556 0 455 524 0 489 458 0 509 423 0 513 414 0 555 427 0 548 571 0 588 589 0 614 564 0 709 615 0 710 640 @
6 8 0 463 567 0 438 556 0 455 524 0 489 458 0 509 423 0 513 414 0 555 427 0 548 571 0 588 589 @
6 9 0 463 567 0 438 556 0 455 524 0 489 458 0 466 469 0 451 474 0 434 482 0 409 526 0 401 540 0 356 637 0 395 651 0 387 664 0 324 669 @
6 10 0 463 567 0 438 556 0 455 524 0 489 458 0 466 469 0 462 458 @
6 11 0 463 567 0 438 556 0 455 524 0 489 458 0 466 469 0 451 474 @
6 12 0 463 567 0 438 556 0 455 524 0 489 458 0 509 423 0 513 414 0 555 427 0 556 363 0 557 324 0 533 335 0 439 314 0 439 323 0 408 320 @
6 13 0 463 567 0 438 556 0 455 524 0 489 458 0 509 423 0 513 414 0 555 427 0 556 363 0 557 324 0 533 335 0 439 314 0 439 302 @
6 14 0 463 567 0 438 556 0 455 524 0 489 458 0 509 423 0 513 414 0 555 427 0 556 363 0 557 324 0 533 335 0 439 314 0 439 323 0 408 320 0 395 316 0 309 256 0 292 272 @
6 15 0 463 567 0 438 556 0 455 524 0 489 458 0 466 469 0 451 474 0 434 482 0 409 526 @
6 17 0 463 567 0 438 556 0 455 524 0 489 458 0 509 423 0 513 414 0 555 427 0 548 571 0 588 589 0 614 564 0 594 574 @
6 16 0 463 567 0 438 556 0 455 524 0 489 458 0 466 469 0 451 474 0 434 482 0 409 526 0 401 540 0 382 528 @
6 19 0 463 567 0 438 556 0 455 524 0 489 458 0 509 423 0 513 414 0 555 427 0 556 363 0 557 324 0 539 294 0 543 254 0 554 208 0 567 128 0 580 10 @
6 18 0 463 567 0 438 556 0 455 524 0 489 458 0 466 469 0 451 474 0 434 482 0 409 526 0 401 540 0 356 637 0 335 630 0 300 606 @
7 1 0 710 640 0 709 615 0 614 564 0 588 589 0 548 571 0 555 427 0 556 363 0 557 324 @
7 2 0 710 640 0 709 615 0 614 564 0 588 589 0 548 571 0 555 427 0 556 363 0 557 324 0 581 306 0 621 237 0 631 240 0 662 217 @
7 3 0 710 640 0 709 615 0 614 564 0 682 388 0 723 302 0 764 315 0 767 299 0 784 301 @
7 4 0 710 640 0 709 615 0 614 564 0 588 589 0 548 571 0 555 427 0 513 414 0 509 423 @
7 5 0 710 640 0 709 615 0 614 564 0 588 589 0 548 571 0 555 427 0 513 414 0 509 423 0 489 458 0 455 524 0 468 535 @
7 6 0 710 640 0 709 615 0 614 564 0 588 589 0 548 571 0 555 427 0 513 414 0 509 423 0 489 458 0 455 524 0 438 556 0 463 567 @
7 8 0 710 640 0 709 615 0 614 564 0 588 589 @
7 9 0 710 640 0 709 615 0 614 564 0 588 589 0 548 571 0 547 620 0 524 694 0 405 683 0 324 669 @
7 10 0 710 640 0 709 615 0 614 564 0 588 589 0 548 571 0 555 427 0 513 414 0 509 423 0 489 458 0 466 469 0 462 458 @
7 11 0 710 640 0 709 615 0 614 564 0 588 589 0 548 571 0 555 427 0 513 414 0 509 423 0 489 458 0 466 469 0 451 474 @
7 12 0 710 640 0 709 615 0 614 564 0 588 589 0 548 571 0 555 427 0 556 363 0 557 324 0 533 335 0 439 314 0 439 323 0 408 320 @
7 13 0 710 640 0 709 615 0 614 564 0 588 589 0 548 571 0 555 427 0 556 363 0 557 324 0 533 335 0 439 314 0 439 302 @
7 14 0 710 640 0 709 615 0 614 564 0 588 589 0 548 571 0 555 427 0 556 363 0 557 324 0 533 335 0 439 314 0 439 323 0 408 320 0 395 316 0 309 256 0 292 272 @
7 15 0 710 640 0 709 615 0 614 564 0 588 589 0 548 571 0 555 427 0 513 414 0 509 423 0 489 458 0 466 469 0 451 474 0 434 482 0 409 526 @
7 17 0 710 640 0 709 615 0 614 564 0 594 574 @
7 16 0 710 640 0 709 615 0 614 564 0 588 589 0 548 571 0 555 427 0 513 414 0 509 423 0 489 458 0 466 469 0 451 474 0 434 482 0 409 526 0 401 540 0 382 528 @
7 19 0 710 640 0 709 615 0 614 564 0 588 589 0 548 571 0 555 427 0 556 363 0 557 324 0 539 294 0 543 254 0 554 208 0 567 128 0 580 10 @
7 18 0 710 640 0 709 615 0 614 564 0 588 589 0 548 571 0 547 620 0 524 694 0 405 683 0 324 669 0 387 664 0 395 651 0 356 637 0 335 630 0 300 606 @
8 1 0 588 589 0 548 571 0 555 427 0 556 363 0 557 324 @
8 2 0 588 589 0 548 571 0 555 427 0 556 363 0 557 324 0 581 306 0 621 237 0 631 240 0 662 217 @
8 3 0 588 589 0 614 564 0 682 388 0 723 302 0 764 315 0 767 299 0 784 301 @
8 4 0 588 589 0 548 571 0 555 427 0 513 414 0 509 423 @
8 5 0 588 589 0 548 571 0 555 427 0 513 414 0 509 423 0 489 458 0 455 524 0 468 535 @
8 6 0 588 589 0 548 571 0 555 427 0 513 414 0 509 423 0 489 458 0 455 524 0 438 556 0 463 567 @
8 7 0 588 589 0 614 564 0 709 615 0 710 640 @
8 9 0 588 589 0 548 571 0 547 620 0 524 694 0 405 683 0 324 669 @
8 10 0 588 589 0 548 571 0 555 427 0 513 414 0 509 423 0 489 458 0 466 469 0 462 458 @
8 11 0 588 589 0 548 571 0 555 427 0 513 414 0 509 423 0 489 458 0 466 469 0 451 474 @
8 12 0 588 589 0 548 571 0 555 427 0 556 363 0 557 324 0 533 335 0 439 314 0 439 323 0 408 320 @
8 13 0 588 589 0 548 571 0 555 427 0 556 363 0 557 324 0 533 335 0 439 314 0 439 302 @
8 14 0 588 589 0 548 571 0 555 427 0 556 363 0 557 324 0 533 335 0 439 314 0 439 323 0 408 320 0 395 316 0 309 256 0 292 272 @
8 15 0 588 589 0 548 571 0 555 427 0 513 414 0 509 423 0 489 458 0 466 469 0 451 474 0 434 482 0 409 526 @
8 17 0 588 589 0 614 564 0 594 574 @
8 16 0 588 589 0 548 571 0 555 427 0 513 414 0 509 423 0 489 458 0 466 469 0 451 474 0 434 482 0 409 526 0 401 540 0 382 528 @
8 19 0 588 589 0 548 571 0 555 427 0 556 363 0 557 324 0 539 294 0 543 254 0 554 208 0 567 128 0 580 10 @
8 18 0 588 589 0 548 571 0 547 620 0 524 694 0 405 683 0 324 669 0 387 664 0 395 651 0 356 637 0 335 630 0 300 606 @
9 1 0 324 669 0 387 664 0 395 651 0 356 637 0 401 540 0 409 526 0 434 482 0 451 474 0 466 469 0 489 458 0 509 423 0 513 414 0 555 427 0 556 363 0 557 324 @
9 2 0 324 669 0 387 664 0 395 651 0 356 637 0 401 540 0 409 526 0 434 482 0 451 474 0 466 469 0 489 458 0 509 423 0 513 414 0 555 427 0 556 363 0 557 324 0 581 306 0 621 237 0 631 240 0 662 217 @
9 3 0 324 669 0 405 683 0 524 694 0 547 620 0 548 571 0 588 589 0 614 564 0 682 388 0 723 302 0 764 315 0 767 299 0 784 301 @
9 4 0 324 669 0 387 664 0 395 651 0 356 637 0 401 540 0 409 526 0 434 482 0 451 474 0 466 469 0 489 458 0 509 423 @
9 5 0 324 669 0 387 664 0 395 651 0 356 637 0 401 540 0 409 526 0 434 482 0 451 474 0 466 469 0 489 458 0 455 524 0 468 535 @
9 6 0 324 669 0 387 664 0 395 651 0 356 637 0 401 540 0 409 526 0 434 482 0 451 474 0 466 469 0 489 458 0 455 524 0 438 556 0 463 567 @
9 7 0 324 669 0 405 683 0 524 694 0 547 620 0 548 571 0 588 589 0 614 564 0 709 615 0 710 640 @
9 8 0 324 669 0 405 683 0 524 694 0 547 620 0 548 571 0 588 589 @
9 10 0 324 669 0 387 664 0 395 651 0 356 637 0 401 540 0 409 526 0 434 482 0 451 474 0 466 469 0 462 458 @
9 11 0 324 669 0 387 664 0 395 651 0 356 637 0 401 540 0 409 526 0 434 482 0 451 474 @
9 12 0 324 669 0 387 664 0 395 651 0 356 637 0 401 540 0 409 526 0 434 482 0 451 474 0 466 469 0 489 458 0 509 423 0 513 414 0 555 427 0 556 363 0 557 324 0 533 335 0 439 314 0 439 323 0 408 320 @
9 13 0 324 669 0 387 664 0 395 651 0 356 637 0 401 540 0 409 526 0 434 482 0 451 474 0 466 469 0 489 458 0 509 423 0 513 414 0 555 427 0 556 363 0 557 324 0 533 335 0 439 314 0 439 302 @
9 14 0 324 669 0 387 664 0 395 651 0 356 637 0 401 540 0 409 526 0 434 482 0 451 474 0 466 469 0 489 458 0 509 423 0 513 414 0 555 427 0 556 363 0 557 324 0 533 335 0 439 314 0 439 323 0 408 320 0 395 316 0 309 256 0 292 272 @
9 15 0 324 669 0 387 664 0 395 651 0 356 637 0 401 540 0 409 526 @
9 17 0 324 669 0 405 683 0 524 694 0 547 620 0 548 571 0 588 589 0 614 564 0 594 574 @
9 16 0 324 669 0 387 664 0 395 651 0 356 637 0 401 540 0 382 528 @
9 19 0 324 669 0 387 664 0 395 651 0 356 637 0 401 540 0 409 526 0 434 482 0 451 474 0 466 469 0 489 458 0 509 423 0 513 414 0 555 427 0 556 363 0 557 324 0 539 294 0 543 254 0 554 208 0 567 128 0 580 10 @
9 18 0 324 669 0 387 664 0 395 651 0 356 637 0 335 630 0 300 606 @
10 1 0 462 458 0 466 469 0 489 458 0 509 423 0 513 414 0 555 427 0 556 363 0 557 324 @
10 2 0 462 458 0 466 469 0 489 458 0 509 423 0 513 414 0 555 427 0 556 363 0 557 324 0 581 306 0 621 237 0 631 240 0 662 217 @
10 3 0 462 458 0 466 469 0 489 458 0 509 423 0 513 414 0 555 427 0 556 363 0 557 324 0 570 349 0 643 382 0 682 388 0 723 302 0 764 315 0 767 299 0 784 301 @
10 4 0 462 458 0 466 469 0 489 458 0 509 423 @
10 5 0 462 458 0 466 469 0 489 458 0 455 524 0 468 535 @
10 6 0 462 458 0 466 469 0 489 458 0 455 524 0 438 556 0 463 567 @
10 7 0 462 458 0 466 469 0 489 458 0 509 423 0 513 414 0 555 427 0 548 571 0 588 589 0 614 564 0 709 615 0 710 640 @
10 8 0 462 458 0 466 469 0 489 458 0 509 423 0 513 414 0 555 427 0 548 571 0 588 589 @
10 9 0 462 458 0 466 469 0 451 474 0 434 482 0 409 526 0 401 540 0 356 637 0 395 651 0 387 664 0 324 669 @
10 11 0 462 458 0 466 469 0 451 474 @
10 12 0 462 458 0 466 469 0 489 458 0 509 423 0 513 414 0 555 427 0 556 363 0 557 324 0 533 335 0 439 314 0 439 323 0 408 320 @
10 13 0 462 458 0 466 469 0 489 458 0 509 423 0 513 414 0 555 427 0 556 363 0 557 324 0 533 335 0 439 314 0 439 302 @
10 14 0 462 458 0 466 469 0 489 458 0 509 423 0 513 414 0 555 427 0 556 363 0 557 324 0 533 335 0 439 314 0 439 323 0 408 320 0 395 316 0 309 256 0 292 272 @
10 15 0 462 458 0 466 469 0 451 474 0 434 482 0 409 526 @
10 17 0 462 458 0 466 469 0 489 458 0 509 423 0 513 414 0 555 427 0 548 571 0 588 589 0 614 564 0 594 574 @
10 16 0 462 458 0 466 469 0 451 474 0 434 482 0 409 526 0 401 540 0 382 528 @
10 19 0 462 458 0 466 469 0 489 458 0 509 423 0 513 414 0 555 427 0 556 363 0 557 324 0 539 294 0 543 254 0 554 208 0 567 128 0 580 10 @
10 18 0 462 458 0 466 469 0 451 474 0 434 482 0 409 526 0 401 540 0 356 637 0 335 630 0 300 606 @
11 1 0 451 474 0 466 469 0 489 458 0 509 423 0 513 414 0 555 427 0 556 363 0 557 324 @
11 2 0 451 474 0 466 469 0 489 458 0 509 423 0 513 414 0 555 427 0 556 363 0 557 324 0 581 306 0 621 237 0 631 240 0 662 217 @
11 3 0 451 474 0 466 469 0 489 458 0 509 423 0 513 414 0 555 427 0 556 363 0 557 324 0 570 349 0 643 382 0 682 388 0 723 302 0 764 315 0 767 299 0 784 301 @
11 4 0 451 474 0 466 469 0 489 458 0 509 423 @
11 5 0 451 474 0 466 469 0 489 458 0 455 524 0 468 535 @
11 6 0 451 474 0 466 469 0 489 458 0 455 524 0 438 556 0 463 567 @
11 7 0 451 474 0 466 469 0 489 458 0 509 423 0 513 414 0 555 427 0 548 571 0 588 589 0 614 564 0 709 615 0 710 640 @
11 8 0 451 474 0 466 469 0 489 458 0 509 423 0 513 414 0 555 427 0 548 571 0 588 589 @
11 9 0 451 474 0 434 482 0 409 526 0 401 540 0 356 637 0 395 651 0 387 664 0 324 669 @
11 10 0 451 474 0 466 469 0 462 458 @
11 12 0 451 474 0 466 469 0 489 458 0 509 423 0 513 414 0 555 427 0 556 363 0 557 324 0 533 335 0 439 314 0 439 323 0 408 320 @
11 13 0 451 474 0 466 469 0 489 458 0 509 423 0 513 414 0 555 427 0 556 363 0 557 324 0 533 335 0 439 314 0 439 302 @
11 14 0 451 474 0 466 469 0 489 458 0 509 423 0 513 414 0 555 427 0 556 363 0 557 324 0 533 335 0 439 314 0 439 323 0 408 320 0 395 316 0 309 256 0 292 272 @
11 15 0 451 474 0 434 482 0 409 526 @
11 17 0 451 474 0 466 469 0 489 458 0 509 423 0 513 414 0 555 427 0 548 571 0 588 589 0 614 564 0 594 574 @
11 16 0 451 474 0 434 482 0 409 526 0 401 540 0 382 528 @
11 19 0 451 474 0 466 469 0 489 458 0 509 423 0 513 414 0 555 427 0 556 363 0 557 324 0 539 294 0 543 254 0 554 208 0 567 128 0 580 10 @
11 18 0 451 474 0 434 482 0 409 526 0 401 540 0 356 637 0 335 630 0 300 606 @
12 1 0 408 320 0 439 323 0 439 314 0 533 335 0 557 324 @
12 2 0 408 320 0 439 323 0 439 314 0 533 335 0 557 324 0 581 306 0 621 237 0 631 240 0 662 217 @
12 3 0 408 320 0 439 323 0 439 314 0 533 335 0 557 324 0 570 349 0 643 382 0 682 388 0 723 302 0 764 315 0 767 299 0 784 301 @
12 4 0 408 320 0 439 323 0 439 314 0 533 335 0 557 324 0 556 363 0 555 427 0 513 414 0 509 423 @
12 5 0 408 320 0 439 323 0 439 314 0 533 335 0 557 324 0 556 363 0 555 427 0 513 414 0 509 423 0 489 458 0 455 524 0 468 535 @
12 6 0 408 320 0 439 323 0 439 314 0 533 335 0 557 324 0 556 363 0 555 427 0 513 414 0 509 423 0 489 458 0 455 524 0 438 556 0 463 567 @
12 7 0 408 320 0 439 323 0 439 314 0 533 335 0 557 324 0 556 363 0 555 427 0 548 571 0 588 589 0 614 564 0 709 615 0 710 640 @
12 8 0 408 320 0 439 323 0 439 314 0 533 335 0 557 324 0 556 363 0 555 427 0 548 571 0 588 589 @
12 9 0 408 320 0 439 323 0 439 314 0 533 335 0 557 324 0 556 363 0 555 427 0 513 414 0 509 423 0 489 458 0 466 469 0 451 474 0 434 482 0 409 526 0 401 540 0 356 637 0 395 651 0 387 664 0 324 669 @
12 10 0 408 320 0 439 323 0 439 314 0 533 335 0 557 324 0 556 363 0 555 427 0 513 414 0 509 423 0 489 458 0 466 469 0 462 458 @
12 11 0 408 320 0 439 323 0 439 314 0 533 335 0 557 324 0 556 363 0 555 427 0 513 414 0 509 423 0 489 458 0 466 469 0 451 474 @
12 13 0 408 320 0 439 323 0 439 314 0 439 302 @
12 14 0 408 320 0 395 316 0 309 256 0 292 272 @
12 15 0 408 320 0 439 323 0 439 314 0 533 335 0 557 324 0 556 363 0 555 427 0 513 414 0 509 423 0 489 458 0 466 469 0 451 474 0 434 482 0 409 526 @
12 17 0 408 320 0 439 323 0 439 314 0 533 335 0 557 324 0 556 363 0 555 427 0 548 571 0 588 589 0 614 564 0 594 574 @
12 16 0 408 320 0 439 323 0 439 314 0 533 335 0 557 324 0 556 363 0 555 427 0 513 414 0 509 423 0 489 458 0 466 469 0 451 474 0 434 482 0 409 526 0 401 540 0 382 528 @
12 19 0 408 320 0 439 323 0 439 314 0 533 335 0 557 324 0 539 294 0 543 254 0 554 208 0 567 128 0 580 10 @
12 18 0 408 320 0 439 323 0 439 314 0 533 335 0 557 324 0 556 363 0 555 427 0 513 414 0 509 423 0 489 458 0 466 469 0 451 474 0 434 482 0 409 526 0 401 540 0 356 637 0 335 630 0 300 606 @
13 1 0 439 302 0 439 314 0 533 335 0 557 324 @
13 2 0 439 302 0 439 314 0 533 335 0 557 324 0 581 306 0 621 237 0 631 240 0 662 217 @
13 3 0 439 302 0 439 314 0 533 335 0 557 324 0 570 349 0 643 382 0 682 388 0 723 302 0 764 315 0 767 299 0 784 301 @
13 4 0 439 302 0 439 314 0 533 335 0 557 324 0 556 363 0 555 427 0 513 414 0 509 423 @
13 5 0 439 302 0 439 314 0 533 335 0 557 324 0 556 363 0 555 427 0 513 414 0 509 423 0 489 458 0 455 524 0 468 535 @
13 6 0 439 302 0 439 314 0 533 335 0 557 324 0 556 363 0 555 427 0 513 414 0 509 423 0 489 458 0 455 524 0 438 556 0 463 567 @
13 7 0 439 302 0 439 314 0 533 335 0 557 324 0 556 363 0 555 427 0 548 571 0 588 589 0 614 564 0 709 615 0 710 640 @
13 8 0 439 302 0 439 314 0 533 335 0 557 324 0 556 363 0 555 427 0 548 571 0 588 589 @
13 9 0 439 302 0 439 314 0 533 335 0 557 324 0 556 363 0 555 427 0 513 414 0 509 423 0 489 458 0 466 469 0 451 474 0 434 482 0 409 526 0 401 540 0 356 637 0 395 651 0 387 664 0 324 669 @
13 10 0 439 302 0 439 314 0 533 335 0 557 324 0 556 363 0 555 427 0 513 414 0 509 423 0 489 458 0 466 469 0 462 458 @
13 11 0 439 302 0 439 314 0 533 335 0 557 324 0 556 363 0 555 427 0 513 414 0 509 423 0 489 458 0 466 469 0 451 474 @
13 12 0 439 302 0 439 314 0 439 323 0 408 320 @
13 14 0 439 302 0 439 314 0 439 323 0 408 320 0 395 316 0 309 256 0 292 272 @
13 15 0 439 302 0 439 314 0 533 335 0 557 324 0 556 363 0 555 427 0 513 414 0 509 423 0 489 458 0 466 469 0 451 474 0 434 482 0 409 526 @
13 17 0 439 302 0 439 314 0 533 335 0 557 324 0 556 363 0 555 427 0 548 571 0 588 589 0 614 564 0 594 574 @
13 16 0 439 302 0 439 314 0 533 335 0 557 324 0 556 363 0 555 427 0 513 414 0 509 423 0 489 458 0 466 469 0 451 474 0 434 482 0 409 526 0 401 540 0 382 528 @
13 19 0 439 302 0 439 314 0 533 335 0 557 324 0 539 294 0 543 254 0 554 208 0 567 128 0 580 10 @
13 18 0 439 302 0 439 314 0 533 335 0 557 324 0 556 363 0 555 427 0 513 414 0 509 423 0 489 458 0 466 469 0 451 474 0 434 482 0 409 526 0 401 540 0 356 637 0 335 630 0 300 606 @
14 1 0 292 272 0 309 256 0 395 316 0 408 320 0 439 323 0 439 314 0 533 335 0 557 324 @
14 2 0 292 272 0 309 256 0 395 316 0 408 320 0 439 323 0 439 314 0 533 335 0 557 324 0 581 306 0 621 237 0 631 240 0 662 217 @
14 3 0 292 272 0 309 256 0 395 316 0 408 320 0 439 323 0 439 314 0 533 335 0 557 324 0 570 349 0 643 382 0 682 388 0 723 302 0 764 315 0 767 299 0 784 301 @
14 4 0 292 272 0 309 256 0 395 316 0 408 320 0 439 323 0 439 314 0 533 335 0 557 324 0 556 363 0 555 427 0 513 414 0 509 423 @
14 5 0 292 272 0 309 256 0 395 316 0 408 320 0 439 323 0 439 314 0 533 335 0 557 324 0 556 363 0 555 427 0 513 414 0 509 423 0 489 458 0 455 524 0 468 535 @
14 6 0 292 272 0 309 256 0 395 316 0 408 320 0 439 323 0 439 314 0 533 335 0 557 324 0 556 363 0 555 427 0 513 414 0 509 423 0 489 458 0 455 524 0 438 556 0 463 567 @
14 7 0 292 272 0 309 256 0 395 316 0 408 320 0 439 323 0 439 314 0 533 335 0 557 324 0 556 363 0 555 427 0 548 571 0 588 589 0 614 564 0 709 615 0 710 640 @
14 8 0 292 272 0 309 256 0 395 316 0 408 320 0 439 323 0 439 314 0 533 335 0 557 324 0 556 363 0 555 427 0 548 571 0 588 589 @
14 9 0 292 272 0 309 256 0 395 316 0 408 320 0 439 323 0 439 314 0 533 335 0 557 324 0 556 363 0 555 427 0 513 414 0 509 423 0 489 458 0 466 469 0 451 474 0 434 482 0 409 526 0 401 540 0 356 637 0 395 651 0 387 664 0 324 669 @
14 10 0 292 272 0 309 256 0 395 316 0 408 320 0 439 323 0 439 314 0 533 335 0 557 324 0 556 363 0 555 427 0 513 414 0 509 423 0 489 458 0 466 469 0 462 458 @
14 11 0 292 272 0 309 256 0 395 316 0 408 320 0 439 323 0 439 314 0 533 335 0 557 324 0 556 363 0 555 427 0 513 414 0 509 423 0 489 458 0 466 469 0 451 474 @
14 12 0 292 272 0 309 256 0 395 316 0 408 320 @
14 13 0 292 272 0 309 256 0 395 316 0 408 320 0 439 323 0 439 314 0 439 302 @
14 15 0 292 272 0 309 256 0 395 316 0 408 320 0 439 323 0 439 314 0 533 335 0 557 324 0 556 363 0 555 427 0 513 414 0 509 423 0 489 458 0 466 469 0 451 474 0 434 482 0 409 526 @
14 17 0 292 272 0 309 256 0 395 316 0 408 320 0 439 323 0 439 314 0 533 335 0 557 324 0 556 363 0 555 427 0 548 571 0 588 589 0 614 564 0 594 574 @
14 16 0 292 272 0 309 256 0 395 316 0 408 320 0 439 323 0 439 314 0 533 335 0 557 324 0 556 363 0 555 427 0 513 414 0 509 423 0 489 458 0 466 469 0 451 474 0 434 482 0 409 526 0 401 540 0 382 528 @
14 19 0 292 272 0 309 256 0 395 316 0 408 320 0 439 323 0 439 314 0 533 335 0 557 324 0 539 294 0 543 254 0 554 208 0 567 128 0 580 10 @
14 18 0 292 272 0 309 256 0 395 316 0 408 320 0 439 323 0 439 314 0 533 335 0 557 324 0 556 363 0 555 427 0 513 414 0 509 423 0 489 458 0 466 469 0 451 474 0 434 482 0 409 526 0 401 540 0 356 637 0 335 630 0 300 606 @
15 1 0 409 526 0 434 482 0 451 474 0 466 469 0 489 458 0 509 423 0 513 414 0 555 427 0 556 363 0 557 324 @
15 2 0 409 526 0 434 482 0 451 474 0 466 469 0 489 458 0 509 423 0 513 414 0 555 427 0 556 363 0 557 324 0 581 306 0 621 237 0 631 240 0 662 217 @
15 3 0 409 526 0 434 482 0 451 474 0 466 469 0 489 458 0 509 423 0 513 414 0 555 427 0 556 363 0 557 324 0 570 349 0 643 382 0 682 388 0 723 302 0 764 315 0 767 299 0 784 301 @
15 4 0 409 526 0 434 482 0 451 474 0 466 469 0 489 458 0 509 423 @
15 5 0 409 526 0 434 482 0 451 474 0 466 469 0 489 458 0 455 524 0 468 535 @
15 6 0 409 526 0 434 482 0 451 474 0 466 469 0 489 458 0 455 524 0 438 556 0 463 567 @
15 7 0 409 526 0 434 482 0 451 474 0 466 469 0 489 458 0 509 423 0 513 414 0 555 427 0 548 571 0 588 589 0 614 564 0 709 615 0 710 640 @
15 8 0 409 526 0 434 482 0 451 474 0 466 469 0 489 458 0 509 423 0 513 414 0 555 427 0 548 571 0 588 589 @
15 9 0 409 526 0 401 540 0 356 637 0 395 651 0 387 664 0 324 669 @
15 10 0 409 526 0 434 482 0 451 474 0 466 469 0 462 458 @
15 11 0 409 526 0 434 482 0 451 474 @
15 12 0 409 526 0 434 482 0 451 474 0 466 469 0 489 458 0 509 423 0 513 414 0 555 427 0 556 363 0 557 324 0 533 335 0 439 314 0 439 323 0 408 320 @
15 13 0 409 526 0 434 482 0 451 474 0 466 469 0 489 458 0 509 423 0 513 414 0 555 427 0 556 363 0 557 324 0 533 335 0 439 314 0 439 302 @
15 14 0 409 526 0 434 482 0 451 474 0 466 469 0 489 458 0 509 423 0 513 414 0 555 427 0 556 363 0 557 324 0 533 335 0 439 314 0 439 323 0 408 320 0 395 316 0 309 256 0 292 272 @
15 17 0 409 526 0 434 482 0 451 474 0 466 469 0 489 458 0 509 423 0 513 414 0 555 427 0 548 571 0 588 589 0 614 564 0 594 574 @
15 16 0 409 526 0 401 540 0 382 528 @
15 19 0 409 526 0 434 482 0 451 474 0 466 469 0 489 458 0 509 423 0 513 414 0 555 427 0 556 363 0 557 324 0 539 294 0 543 254 0 554 208 0 567 128 0 580 10 @
15 18 0 409 526 0 401 540 0 356 637 0 335 630 0 300 606 @
17 1 0 594 574 0 614 564 0 588 589 0 548 571 0 555 427 0 556 363 0 557 324 @
17 2 0 594 574 0 614 564 0 588 589 0 548 571 0 555 427 0 556 363 0 557 324 0 581 306 0 621 237 0 631 240 0 662 217 @
17 3 0 594 574 0 614 564 0 682 388 0 723 302 0 764 315 0 767 299 0 784 301 @
17 4 0 594 574 0 614 564 0 588 589 0 548 571 0 555 427 0 513 414 0 509 423 @
17 5 0 594 574 0 614 564 0 588 589 0 548 571 0 555 427 0 513 414 0 509 423 0 489 458 0 455 524 0 468 535 @
17 6 0 594 574 0 614 564 0 588 589 0 548 571 0 555 427 0 513 414 0 509 423 0 489 458 0 455 524 0 438 556 0 463 567 @
17 7 0 594 574 0 614 564 0 709 615 0 710 640 @
17 8 0 594 574 0 614 564 0 588 589 @
17 9 0 594 574 0 614 564 0 588 589 0 548 571 0 547 620 0 524 694 0 405 683 0 324 669 @
17 10 0 594 574 0 614 564 0 588 589 0 548 571 0 555 427 0 513 414 0 509 423 0 489 458 0 466 469 0 462 458 @
17 11 0 594 574 0 614 564 0 588 589 0 548 571 0 555 427 0 513 414 0 509 423 0 489 458 0 466 469 0 451 474 @
17 12 0 594 574 0 614 564 0 588 589 0 548 571 0 555 427 0 556 363 0 557 324 0 533 335 0 439 314 0 439 323 0 408 320 @
17 13 0 594 574 0 614 564 0 588 589 0 548 571 0 555 427 0 556 363 0 557 324 0 533 335 0 439 314 0 439 302 @
17 14 0 594 574 0 614 564 0 588 589 0 548 571 0 555 427 0 556 363 0 557 324 0 533 335 0 439 314 0 439 323 0 408 320 0 395 316 0 309 256 0 292 272 @
17 15 0 594 574 0 614 564 0 588 589 0 548 571 0 555 427 0 513 414 0 509 423 0 489 458 0 466 469 0 451 474 0 434 482 0 409 526 @
17 16 0 594 574 0 614 564 0 588 589 0 548 571 0 555 427 0 513 414 0 509 423 0 489 458 0 466 469 0 451 474 0 434 482 0 409 526 0 401 540 0 382 528 @
17 19 0 594 574 0 614 564 0 588 589 0 548 571 0 555 427 0 556 363 0 557 324 0 539 294 0 543 254 0 554 208 0 567 128 0 580 10 @
17 18 0 594 574 0 614 564 0 588 589 0 548 571 0 547 620 0 524 694 0 405 683 0 324 669 0 387 664 0 395 651 0 356 637 0 335 630 0 300 606 @
16 1 0 382 528 0 401 540 0 409 526 0 434 482 0 451 474 0 466 469 0 489 458 0 509 423 0 513 414 0 555 427 0 556 363 0 557 324 @
16 2 0 382 528 0 401 540 0 409 526 0 434 482 0 451 474 0 466 469 0 489 458 0 509 423 0 513 414 0 555 427 0 556 363 0 557 324 0 581 306 0 621 237 0 631 240 0 662 217 @
16 3 0 382 528 0 401 540 0 409 526 0 434 482 0 451 474 0 466 469 0 489 458 0 509 423 0 513 414 0 555 427 0 556 363 0 557 324 0 570 349 0 643 382 0 682 388 0 723 302 0 764 315 0 767 299 0 784 301 @
16 4 0 382 528 0 401 540 0 409 526 0 434 482 0 451 474 0 466 469 0 489 458 0 509 423 @
16 5 0 382 528 0 401 540 0 409 526 0 434 482 0 451 474 0 466 469 0 489 458 0 455 524 0 468 535 @
16 6 0 382 528 0 401 540 0 409 526 0 434 482 0 451 474 0 466 469 0 489 458 0 455 524 0 438 556 0 463 567 @
16 7 0 382 528 0 401 540 0 409 526 0 434 482 0 451 474 0 466 469 0 489 458 0 509 423 0 513 414 0 555 427 0 548 571 0 588 589 0 614 564 0 709 615 0 710 640 @
16 8 0 382 528 0 401 540 0 409 526 0 434 482 0 451 474 0 466 469 0 489 458 0 509 423 0 513 414 0 555 427 0 548 571 0 588 589 @
16 9 0 382 528 0 401 540 0 356 637 0 395 651 0 387 664 0 324 669 @
16 10 0 382 528 0 401 540 0 409 526 0 434 482 0 451 474 0 466 469 0 462 458 @
16 11 0 382 528 0 401 540 0 409 526 0 434 482 0 451 474 @
16 12 0 382 528 0 401 540 0 409 526 0 434 482 0 451 474 0 466 469 0 489 458 0 509 423 0 513 414 0 555 427 0 556 363 0 557 324 0 533 335 0 439 314 0 439 323 0 408 320 @
16 13 0 382 528 0 401 540 0 409 526 0 434 482 0 451 474 0 466 469 0 489 458 0 509 423 0 513 414 0 555 427 0 556 363 0 557 324 0 533 335 0 439 314 0 439 302 @
16 14 0 382 528 0 401 540 0 409 526 0 434 482 0 451 474 0 466 469 0 489 458 0 509 423 0 513 414 0 555 427 0 556 363 0 557 324 0 533 335 0 439 314 0 439 323 0 408 320 0 395 316 0 309 256 0 292 272 @
16 15 0 382 528 0 401 540 0 409 526 @
16 17 0 382 528 0 401 540 0 409 526 0 434 482 0 451 474 0 466 469 0 489 458 0 509 423 0 513 414 0 555 427 0 548 571 0 588 589 0 614 564 0 594 574 @
16 19 0 382 528 0 401 540 0 409 526 0 434 482 0 451 474 0 466 469 0 489 458 0 509 423 0 513 414 0 555 427 0 556 363 0 557 324 0 539 294 0 543 254 0 554 208 0 567 128 0 580 10 @
16 18 0 382 528 0 401 540 0 356 637 0 335 630 0 300 606 @
19 1 0 580 10 0 567 128 0 554 208 0 543 254 0 539 294 0 557 324 @
19 2 0 580 10 0 567 128 0 623 143 0 666 173 0 662 181 0 686 203 0 662 217 @
19 3 0 580 10 0 567 128 0 554 208 0 543 254 0 539 294 0 557 324 0 570 349 0 643 382 0 682 388 0 723 302 0 764 315 0 767 299 0 784 301 @
19 4 0 580 10 0 567 128 0 554 208 0 543 254 0 539 294 0 557 324 0 556 363 0 555 427 0 513 414 0 509 423 @
19 5 0 580 10 0 567 128 0 554 208 0 543 254 0 539 294 0 557 324 0 556 363 0 555 427 0 513 414 0 509 423 0 489 458 0 455 524 0 468 535 @
19 6 0 580 10 0 567 128 0 554 208 0 543 254 0 539 294 0 557 324 0 556 363 0 555 427 0 513 414 0 509 423 0 489 458 0 455 524 0 438 556 0 463 567 @
19 7 0 580 10 0 567 128 0 554 208 0 543 254 0 539 294 0 557 324 0 556 363 0 555 427 0 548 571 0 588 589 0 614 564 0 709 615 0 710 640 @
19 8 0 580 10 0 567 128 0 554 208 0 543 254 0 539 294 0 557 324 0 556 363 0 555 427 0 548 571 0 588 589 @
19 9 0 580 10 0 567 128 0 554 208 0 543 254 0 539 294 0 557 324 0 556 363 0 555 427 0 513 414 0 509 423 0 489 458 0 466 469 0 451 474 0 434 482 0 409 526 0 401 540 0 356 637 0 395 651 0 387 664 0 324 669 @
19 10 0 580 10 0 567 128 0 554 208 0 543 254 0 539 294 0 557 324 0 556 363 0 555 427 0 513 414 0 509 423 0 489 458 0 466 469 0 462 458 @
19 11 0 580 10 0 567 128 0 554 208 0 543 254 0 539 294 0 557 324 0 556 363 0 555 427 0 513 414 0 509 423 0 489 458 0 466 469 0 451 474 @
19 12 0 580 10 0 567 128 0 554 208 0 543 254 0 539 294 0 557 324 0 533 335 0 439 314 0 439 323 0 408 320 @
19 13 0 580 10 0 567 128 0 554 208 0 543 254 0 539 294 0 557 324 0 533 335 0 439 314 0 439 302 @
19 14 0 580 10 0 567 128 0 554 208 0 543 254 0 539 294 0 557 324 0 533 335 0 439 314 0 439 323 0 408 320 0 395 316 0 309 256 0 292 272 @
19 15 0 580 10 0 567 128 0 554 208 0 543 254 0 539 294 0 557 324 0 556 363 0 555 427 0 513 414 0 509 423 0 489 458 0 466 469 0 451 474 0 434 482 0 409 526 @
19 17 0 580 10 0 567 128 0 554 208 0 543 254 0 539 294 0 557 324 0 556 363 0 555 427 0 548 571 0 588 589 0 614 564 0 594 574 @
19 16 0 580 10 0 567 128 0 554 208 0 543 254 0 539 294 0 557 324 0 556 363 0 555 427 0 513 414 0 509 423 0 489 458 0 466 469 0 451 474 0 434 482 0 409 526 0 401 540 0 382 528 @
19 18 0 580 10 0 567 128 0 554 208 0 543 254 0 539 294 0 557 324 0 556 363 0 555 427 0 513 414 0 509 423 0 489 458 0 466 469 0 451 474 0 434 482 0 409 526 0 401 540 0 356 637 0 335 630 0 300 606 @
18 1 0 300 606 0 335 630 0 356 637 0 401 540 0 409 526 0 434 482 0 451 474 0 466 469 0 489 458 0 509 423 0 513 414 0 555 427 0 556 363 0 557 324 @
18 2 0 300 606 0 335 630 0 356 637 0 401 540 0 409 526 0 434 482 0 451 474 0 466 469 0 489 458 0 509 423 0 513 414 0 555 427 0 556 363 0 557 324 0 581 306 0 621 237 0 631 240 0 662 217 @
18 3 0 300 606 0 335 630 0 356 637 0 401 540 0 409 526 0 434 482 0 451 474 0 466 469 0 489 458 0 509 423 0 513 414 0 555 427 0 556 363 0 557 324 0 570 349 0 643 382 0 682 388 0 723 302 0 764 315 0 767 299 0 784 301 @
18 4 0 300 606 0 335 630 0 356 637 0 401 540 0 409 526 0 434 482 0 451 474 0 466 469 0 489 458 0 509 423 @
18 5 0 300 606 0 335 630 0 356 637 0 401 540 0 409 526 0 434 482 0 451 474 0 466 469 0 489 458 0 455 524 0 468 535 @
18 6 0 300 606 0 335 630 0 356 637 0 401 540 0 409 526 0 434 482 0 451 474 0 466 469 0 489 458 0 455 524 0 438 556 0 463 567 @
18 7 0 300 606 0 335 630 0 356 637 0 395 651 0 387 664 0 324 669 0 405 683 0 524 694 0 547 620 0 548 571 0 588 589 0 614 564 0 709 615 0 710 640 @
18 8 0 300 606 0 335 630 0 356 637 0 395 651 0 387 664 0 324 669 0 405 683 0 524 694 0 547 620 0 548 571 0 588 589 @
18 9 0 300 606 0 335 630 0 356 637 0 395 651 0 387 664 0 324 669 @
18 10 0 300 606 0 335 630 0 356 637 0 401 540 0 409 526 0 434 482 0 451 474 0 466 469 0 462 458 @
18 11 0 300 606 0 335 630 0 356 637 0 401 540 0 409 526 0 434 482 0 451 474 @
18 12 0 300 606 0 335 630 0 356 637 0 401 540 0 409 526 0 434 482 0 451 474 0 466 469 0 489 458 0 509 423 0 513 414 0 555 427 0 556 363 0 557 324 0 533 335 0 439 314 0 439 323 0 408 320 @
18 13 0 300 606 0 335 630 0 356 637 0 401 540 0 409 526 0 434 482 0 451 474 0 466 469 0 489 458 0 509 423 0 513 414 0 555 427 0 556 363 0 557 324 0 533 335 0 439 314 0 439 302 @
18 14 0 300 606 0 335 630 0 356 637 0 401 540 0 409 526 0 434 482 0 451 474 0 466 469 0 489 458 0 509 423 0 513 414 0 555 427 0 556 363 0 557 324 0 533 335 0 439 314 0 439 323 0 408 320 0 395 316 0 309 256 0 292 272 @
18 15 0 300 606 0 335 630 0 356 637 0 401 540 0 409 526 @
18 17 0 300 606 0 335 630 0 356 637 0 395 651 0 387 664 0 324 669 0 405 683 0 524 694 0 547 620 0 548 571 0 588 589 0 614 564 0 594 574 @
18 16 0 300 606 0 335 630 0 356 637 0 401 540 0 382 528 @
18 19 0 300 606 0 335 630 0 356 637 0 401 540 0 409 526 0 434 482 0 451 474 0 466 469 0 489 458 0 509 423 0 513 414 0 555 427 0 556 363 0 557 324 0 539 294 0 543 254 0 554 208 0 567 128 0 580 10 @
